1 0.462500 0.506944 0.017708 0.065741
1 0.493229 0.455556 0.007292 0.012963
1 0.394271 0.501852 0.017708 0.053704
1 0.241927 0.647685 0.018229 0.054630
1 0.703906 0.648611 0.018229 0.054630
1 0.326302 0.654167 0.018229 0.054630
1 0.630990 0.655093 0.018229 0.054630
1 0.784115 0.656944 0.018229 0.054630
1 0.547135 0.657407 0.018229 0.053704
1 0.470052 0.739352 0.018229 0.054630
1 0.382812 0.741204 0.017708 0.054630
1 0.217708 0.744907 0.017708 0.054630
1 0.711198 0.744444 0.018229 0.053704
1 0.629948 0.746296 0.018229 0.053704
1 0.790365 0.746296 0.018229 0.053704
1 0.555990 0.750463 0.018229 0.054630
1 0.295833 0.751389 0.017708 0.054630
0 0.456684 0.450926 0.080729 0.031481