2 0.392407 0.525602 0.017708 0.053704
2 0.460792 0.526750 0.017708 0.054630
2 0.242101 0.656389 0.018229 0.054630
2 0.704068 0.671701 0.018229 0.054630
2 0.326318 0.677339 0.018229 0.054630
2 0.631127 0.677639 0.018229 0.053704
2 0.784161 0.679674 0.018229 0.054630
2 0.547683 0.681276 0.018229 0.054630
1 0.224746 0.675255 0.006250 0.013889
2 0.470288 0.762496 0.018229 0.053704
2 0.383150 0.764308 0.017708 0.053704
2 0.218317 0.768098 0.018229 0.054630
2 0.711404 0.765373 0.018229 0.050000
2 0.630373 0.769807 0.018229 0.054630
2 0.790590 0.766089 0.018229 0.048148
2 0.556266 0.773326 0.018229 0.054630
2 0.296284 0.774512 0.017708 0.053704
1 0.360144 0.783427 0.012500 0.017593
1 0.400394 0.783146 0.007812 0.017593
0 0.375347 0.775463 0.056250 0.030556