2 0.392424 0.513680 0.017708 0.054630
2 0.460801 0.514528 0.017708 0.054630
2 0.239114 0.639616 0.018229 0.054630
2 0.704104 0.659226 0.018229 0.054630
2 0.326323 0.665185 0.018229 0.054630
2 0.631098 0.665844 0.018229 0.054630
2 0.784115 0.667522 0.018229 0.054630
2 0.547639 0.669025 0.018229 0.054630
1 0.261164 0.678922 0.007812 0.013889
1 0.332178 0.683708 0.013542 0.018519
1 0.613872 0.684632 0.006250 0.013889
2 0.470276 0.750546 0.018229 0.054630
2 0.383129 0.752360 0.017708 0.054630
2 0.218170 0.755716 0.017708 0.054630
2 0.711496 0.755629 0.018229 0.054630
2 0.630408 0.757415 0.018229 0.054630
2 0.790635 0.757414 0.018229 0.054630
2 0.296214 0.762713 0.017708 0.054630
2 0.556210 0.760683 0.018229 0.053704
0 0.296007 0.671296 0.085417 0.027778