2 0.392425 0.522958 0.017708 0.054630
2 0.459618 0.527584 0.017708 0.053704
2 0.237944 0.647146 0.018229 0.054630
2 0.704087 0.668569 0.018229 0.054630
2 0.326333 0.673987 0.018229 0.053704
2 0.631099 0.674944 0.018229 0.053704
2 0.784155 0.676781 0.018229 0.054630
2 0.547677 0.678434 0.018229 0.054630
2 0.470280 0.759898 0.018229 0.054630
2 0.383134 0.761724 0.017708 0.054630
2 0.218096 0.765290 0.017708 0.054630
2 0.711460 0.764103 0.018229 0.052778
2 0.630415 0.766828 0.018229 0.054630
2 0.790634 0.764828 0.018229 0.050926
2 0.564294 0.768535 0.030729 0.053704
2 0.296437 0.771751 0.018229 0.053704
0 0.543750 0.730556 0.063542 0.031481