1 0.459734 0.477436 0.007812 0.013889
1 0.493600 0.475495 0.007292 0.012963
2 0.392425 0.522958 0.017708 0.054630
2 0.459617 0.527576 0.017708 0.053704
2 0.239140 0.648884 0.018229 0.054630
2 0.704087 0.668569 0.018229 0.054630
2 0.326333 0.673987 0.018229 0.053704
2 0.631099 0.674944 0.018229 0.053704
2 0.784155 0.676781 0.018229 0.054630
2 0.547677 0.678434 0.018229 0.054630
2 0.470280 0.759898 0.018229 0.054630
2 0.383135 0.761748 0.017708 0.054630
2 0.218096 0.765290 0.017708 0.054630
2 0.711460 0.764103 0.018229 0.052778
2 0.630415 0.766828 0.018229 0.054630
2 0.790634 0.764828 0.018229 0.050926
2 0.556283 0.769905 0.018229 0.053704
2 0.296218 0.771750 0.017708 0.053704
0 0.459375 0.467593 0.085417 0.031481