2 0.392408 0.503344 0.017708 0.054630
2 0.460789 0.504338 0.017708 0.054630
2 0.240049 0.630591 0.018229 0.054630
2 0.704108 0.648934 0.018229 0.054630
2 0.326338 0.654674 0.018229 0.054630
2 0.631098 0.655532 0.018229 0.054630
2 0.784117 0.657228 0.018229 0.054630
2 0.547650 0.658233 0.018229 0.053704
1 0.613906 0.674502 0.006250 0.013889
2 0.470265 0.740171 0.018229 0.054630
2 0.383204 0.741970 0.017708 0.054630
2 0.218159 0.745474 0.017708 0.054630
2 0.711492 0.744895 0.018229 0.053704
2 0.630402 0.746606 0.018229 0.053704
2 0.790633 0.746669 0.018229 0.053704
2 0.556203 0.750661 0.018229 0.054630
2 0.296187 0.752310 0.017708 0.054630
1 0.701029 0.762613 0.010417 0.020370
2 0.734387 0.763961 0.031250 0.020370
0 0.706944 0.749074 0.062500 0.037037