2 0.392424 0.517428 0.017708 0.054630
2 0.460783 0.518221 0.017708 0.054630
2 0.241466 0.646892 0.018229 0.054630
2 0.704087 0.663014 0.018229 0.054630
2 0.326333 0.668431 0.018229 0.053704
2 0.631099 0.669389 0.018229 0.053704
2 0.784155 0.671226 0.018229 0.054630
2 0.547677 0.672879 0.018229 0.054630
2 0.470254 0.754359 0.018229 0.054630
2 0.383134 0.756168 0.017708 0.054630
2 0.218096 0.759734 0.017708 0.054630
2 0.711460 0.759591 0.018229 0.054630
2 0.630418 0.761291 0.018229 0.054630
2 0.790633 0.761324 0.018229 0.054630
2 0.556283 0.764349 0.018229 0.053704
2 0.296218 0.766195 0.017708 0.053704
1 0.613896 0.779081 0.018750 0.022222
1 0.632706 0.778529 0.010937 0.021296
0 0.624132 0.766667 0.051042 0.033333