1 0.241406 0.404167 0.008854 0.013889
1 0.254948 0.404167 0.006771 0.013889
1 0.465104 0.502778 0.017708 0.053704
1 0.394271 0.507407 0.017708 0.053704
1 0.241927 0.648148 0.018229 0.055556
1 0.703906 0.648611 0.018229 0.054630
1 0.326302 0.654167 0.018229 0.054630
1 0.630990 0.655093 0.018229 0.054630
1 0.784115 0.656944 0.018229 0.054630
1 0.547135 0.657407 0.018229 0.053704
1 0.470052 0.739352 0.018229 0.054630
1 0.382812 0.741204 0.017708 0.054630
1 0.217708 0.744907 0.017708 0.054630
1 0.711198 0.744444 0.018229 0.053704
1 0.629948 0.746296 0.018229 0.053704
1 0.790365 0.746296 0.018229 0.053704
1 0.555990 0.750463 0.018229 0.054630
1 0.295833 0.751389 0.017708 0.054630
0 0.218663 0.396759 0.081771 0.028704