2 0.392408 0.525624 0.017708 0.053704
2 0.460792 0.526750 0.017708 0.054630
2 0.245157 0.660754 0.018229 0.054630
2 0.704068 0.671701 0.018229 0.054630
2 0.326318 0.677339 0.018229 0.054630
2 0.631127 0.677639 0.018229 0.053704
2 0.784161 0.679674 0.018229 0.054630
2 0.547683 0.681276 0.018229 0.054630
2 0.470288 0.762496 0.018229 0.053704
2 0.383147 0.764278 0.017708 0.053704
2 0.218058 0.768150 0.017708 0.054630
2 0.711404 0.765373 0.018229 0.050000
2 0.630373 0.769807 0.018229 0.054630
2 0.790590 0.766089 0.018229 0.048148
2 0.556266 0.773326 0.018229 0.054630
2 0.296284 0.774512 0.017708 0.053704
1 0.220588 0.787696 0.010937 0.021296
1 0.234093 0.785737 0.007812 0.021296
0 0.211458 0.777315 0.057292 0.023148