2 0.392426 0.518299 0.017708 0.054630
2 0.460782 0.519188 0.017708 0.054630
2 0.245157 0.652818 0.018229 0.053704
2 0.704087 0.663940 0.018229 0.054630
2 0.326325 0.669354 0.018229 0.053704
2 0.631099 0.670315 0.018229 0.053704
2 0.784155 0.672152 0.018229 0.054630
2 0.547677 0.673805 0.018229 0.054630
2 0.470280 0.755268 0.018229 0.054630
2 0.383136 0.757114 0.017708 0.054630
2 0.218096 0.760660 0.017708 0.054630
2 0.711460 0.760517 0.018229 0.054630
2 0.630416 0.762197 0.018229 0.054630
2 0.790633 0.762250 0.018229 0.054630
2 0.556283 0.765275 0.018229 0.053704
2 0.296217 0.767123 0.017708 0.053704
1 0.360085 0.775947 0.012500 0.017593
1 0.400364 0.775636 0.007812 0.017593
