2 0.392407 0.525602 0.017708 0.053704
2 0.460792 0.526750 0.017708 0.054630
2 0.242502 0.656425 0.018750 0.054630
2 0.704068 0.671701 0.018229 0.054630
2 0.326308 0.677467 0.018229 0.054630
2 0.631127 0.677639 0.018229 0.053704
2 0.784161 0.679674 0.018229 0.054630
2 0.547683 0.681276 0.018229 0.054630
1 0.261245 0.691448 0.007812 0.013889
1 0.332187 0.695846 0.013542 0.018519
2 0.470288 0.762496 0.018229 0.053704
2 0.383147 0.764278 0.017708 0.053704
2 0.218317 0.768098 0.018229 0.054630
2 0.711404 0.765373 0.018229 0.050000
2 0.630373 0.769807 0.018229 0.054630
2 0.790590 0.766089 0.018229 0.048148
2 0.556266 0.773326 0.018229 0.054630
2 0.296284 0.774512 0.017708 0.053704
0 0.295573 0.685648 0.082812 0.028704