7 0.494466 0.070833 0.284180 0.059375
7 0.496908 0.129427 0.289063 0.048438
7 0.476400 0.181771 0.246094 0.050000
7 0.478353 0.235677 0.250000 0.051562
7 0.478353 0.289583 0.250000 0.046875
7 0.479329 0.342708 0.250000 0.046875
7 0.479818 0.396615 0.249023 0.048438
7 0.479329 0.448958 0.250000 0.046875
7 0.479329 0.503646 0.250000 0.050000
7 0.479818 0.555990 0.250977 0.048438
7 0.479818 0.610677 0.252930 0.048438
7 0.480306 0.663802 0.251953 0.048438
7 0.480794 0.718490 0.250977 0.051562
7 0.482259 0.770833 0.253906 0.046875
7 0.480794 0.825521 0.254883 0.050000
7 0.481771 0.878646 0.252930 0.043750
7 0.483724 0.925521 0.256836 0.037500