0 0.512980 0.341362 0.319834 0.071429
0 0.510903 0.488372 0.328141 0.069767
7 0.598131 0.647841 0.070613 0.049834
7 0.675493 0.648671 0.065421 0.048173
7 0.755452 0.644518 0.048806 0.056478
7 0.831256 0.646179 0.063344 0.059801
7 0.302700 0.725083 0.302181 0.254153
7 0.597612 0.765781 0.042575 0.053156
7 0.677570 0.764120 0.042575 0.063123
7 0.754413 0.767442 0.059190 0.053156
7 0.833853 0.766611 0.076843 0.058140
7 0.941675 0.104651 0.079958 0.102990
7 0.598131 0.703488 0.062305 0.041528
7 0.676012 0.704319 0.062305 0.036545
7 0.754413 0.696013 0.067497 0.046512
7 0.832295 0.705150 0.057113 0.031561